0
1
2
3
4
5
6
7
10
11
12
13
14
15
21
22
23
24
25
26
28
29
30
31
33
34
35
37
38
40
41
43
44
46
47
49
50
52
53
55
56
57
60
63
64
65
66
67
68
70
71
72
73
74
75
76
77
79
80
81
82
83
84
85
87
88
89
90
92
94
95
97
99
100
101
102
103
106
107
108
109
110
111
112
113
114
116
118
119
120
121
124
125
126
127
128
129
130
131
132
133
134
135
136
137
138
139
142
143
144
145
146
147
148
149
151
152
153
154
155
156
158
159
162
163
164
165
166
167
168
169
170
171
172
173
174
176
177
178
182
183
184
186
187
189
190
191
192
193
194
195
196
199
200
202
204
215
221
223
224
225
226
228
229
230
231
232
233
234
235
237
239
240
242
243
245
246
247
254
256
257
258
259
260
261
262
263
264
265
266
267
268
269
270
271
272
273
274
275
276
277
278
279
280
281
282
283
284
285
286
287
288
290
291
292
293
294
295
296
297
298
299
300
301
302
303
304
305
306
307
309
310
311
312
313
314
315
316
317
319
320
321
322
323
324
325
326
327
328
329
330
331
332
334
335
336
337
338
339
340
341
342
343
344
345
348
349
353
354
355
356
357
358
359
360
361
362
363
364
365
366
367
368
379
382
388
389
390
391
393
394
395
396
398
399
400
401
402
403
406
407
408
409
410
411
412
413
414
416
417
418
419
420
421
427
428
429
430
432
434
436
438
440
442
444
446
448
450
452
456
458
460
462
464
466
468
470
474
476
478
480
485
486
487
488
489
490
491
492
